3.4
4.3
5.1
5.4
5.85
6.7
7.5
8.2
8.4
8.75
9.15
10
10.8
11.7
12.1
12.5
13.3
13.7
14.1
14.5
14.9
15.4
15.75
16.2
16.4
16.6
17.4
18.25
18.65
19.1
19.45
19.6
19.75
19.9
20.05
20.4
20.6
20.75
21.1
21.25
21.6
22.0
22.4
23.2
24.1
24.9
25.3
25.6
26.08
26.5
27
27.4
27.8
28.26
28.6
28.8
29.1
29.46
29.9
30.3
30.75
31.13
31.55
31.75
31.95
32.2
32.35
32.75
33.2
33.6
33.85
34
34.28
34.42
34.65
34.85
35.05
35.25
35.65
36.07
36.5
36.74
36.9
37.15
37.31
37.6
37.75
37.97
38.14
38.54
38.45
38.96
39.46
39.83

40.19

40.62

41.04

41.44
 
41.84

42.24

42.67

43.1

43.5

43.95

44.36

44.78

45.18

45.6

46

46.4
-
46.86
47
47.12
47.25
47.39
47.52
47.65
47.79
47.93
48.1
48.37
48.48
48.74
48.9
49.7